('Generation:', 1)

population
[[-4.66289918  0.23844272]
 [-4.31314608  4.63907008]
 [ 2.72732675  1.42406093]
 [ 2.50704043  3.48833542]
 [-4.48063123  0.8102093 ]
 [ 2.54946482 -0.87380851]
 [-3.60585331 -4.37177406]
 [ 4.50579241 -1.76351815]
 [ 4.32865929 -1.31347881]
 [ 3.15378274  4.35951695]]

fitness calculation
[21.79948368 40.12420034  9.46626073 18.45373571 20.73249535  7.2633122
 32.11458652 23.41216147 20.4625178  28.95173364]

Parents:
[[-4.31314608  4.63907008]
 [-3.60585331 -4.37177406]
 [ 3.15378274  4.35951695]
 [ 4.50579241 -1.76351815]
 [-4.66289918  0.23844272]
 [-4.48063123  0.8102093 ]]

Offspring after crossover:
[[-4.31314608 -4.37177406]
 [-3.60585331  4.35951695]
 [ 4.50579241 -1.76351815]
 [-4.66289918  0.23844272]]

 Offspring after Mutation
[[-4.31314608 -8.20458729]
 [-3.60585331  0.39862157]
 [ 4.50579241 -0.15900766]
 [-4.66289918  0.96564084]]

New Population for next generation:
[[-4.31314608  4.63907008]
 [-3.60585331 -4.37177406]
 [ 3.15378274  4.35951695]
 [ 4.50579241 -1.76351815]
 [-4.66289918  0.23844272]
 [-4.48063123  0.8102093 ]
 [-4.31314608 -8.20458729]
 [-3.60585331  0.39862157]
 [ 4.50579241 -0.15900766]
 [-4.66289918  0.96564084]]


('Generation:', 2)

population
[[-4.31314608  4.63907008]
 [-3.60585331 -4.37177406]
 [ 3.15378274  4.35951695]
 [ 4.50579241 -1.76351815]
 [-4.66289918  0.23844272]
 [-4.48063123  0.8102093 ]
 [-4.31314608 -8.20458729]
 [-3.60585331  0.39862157]
 [ 4.50579241 -0.15900766]
 [-4.66289918  0.96564084]]

fitness calcuation
[40.12420034 32.11458652 28.95173364 23.41216147 21.79948368 20.73249535
 85.91848167 13.16107728 20.32744865 22.67509097]

Parents:
[[-4.31314608 -8.20458729]
 [-4.31314608  4.63907008]
 [-3.60585331 -4.37177406]
 [ 3.15378274  4.35951695]
 [ 4.50579241 -1.76351815]
 [-4.66289918  0.96564084]]

Offspring after crossover:
[[-4.31314608  4.63907008]
 [-4.31314608 -4.37177406]
 [ 3.15378274  4.35951695]
 [ 3.15378274 -1.76351815]]

 Offspring after Mutation
[[-4.31314608  1.73942419]
 [-4.31314608 -1.52846612]
 [ 3.15378274  4.72024746]
 [ 3.15378274  0.54794941]]

New Population for next generation:
[[-4.31314608 -8.20458729]
 [-4.31314608  4.63907008]
 [-3.60585331 -4.37177406]
 [ 3.15378274  4.35951695]
 [ 4.50579241 -1.76351815]
 [-4.66289918  0.96564084]
 [-4.31314608  1.73942419]
 [-4.31314608 -1.52846612]
 [ 3.15378274  4.72024746]
 [ 3.15378274  0.54794941]]


('Generation:', 3)

population
[[-4.31314608 -8.20458729]
 [-4.31314608  4.63907008]
 [-3.60585331 -4.37177406]
 [ 3.15378274  4.35951695]
 [ 4.50579241 -1.76351815]
 [-4.66289918  0.96564084]
 [-4.31314608  1.73942419]
 [-4.31314608 -1.52846612]
 [ 3.15378274  4.72024746]
 [ 3.15378274  0.54794941]]

fitness calcuation
[85.91848167 40.12420034 32.11458652 28.95173364 23.41216147 22.67509097
 21.62882563 20.93943778 32.22708171 10.24659415]

Parents:
[[-4.31314608 -8.20458729]
 [-4.31314608  4.63907008]
 [ 3.15378274  4.72024746]
 [-3.60585331 -4.37177406]
 [ 3.15378274  4.35951695]
 [ 4.50579241 -1.76351815]]

Offspring after crossover:
[[-4.31314608  4.63907008]
 [-4.31314608  4.72024746]
 [-3.60585331 -4.37177406]
 [ 3.15378274  4.35951695]]

 Offspring after Mutation
[[-4.31314608  8.8036471 ]
 [-4.31314608  3.43002583]
 [-3.60585331 -5.2129554 ]
 [ 3.15378274  0.08353288]]

New Population for next generation:
[[-4.31314608 -8.20458729]
 [-4.31314608  4.63907008]
 [ 3.15378274  4.72024746]
 [-3.60585331 -4.37177406]
 [ 3.15378274  4.35951695]
 [ 4.50579241 -1.76351815]
 [-4.31314608  8.8036471 ]
 [-4.31314608  3.43002583]
 [-3.60585331 -5.2129554 ]
 [ 3.15378274  0.08353288]]

Best Individual:
[-4.31314608  8.8036471 ]

Best Individual's Fitness:
96.10743131143325